   -0.06158821
    0.34139065
   -0.41314935
   -0.23375411
    0.11886539
   -0.05002321
    0.13821998
   -0.39358515
    0.01320946
   -0.04026341
   -0.03301948
   -0.03417975
   -0.03006068
   -0.03983038
   -0.02111835
   -0.05292624
   -0.11210577
   -0.07382763
   -0.06474470
   -0.06799965
   -0.06398178
   -0.05735922
    0.30312739
    0.02239517
    0.02273807
    0.02501599
    0.02683440
    0.06712681
    0.06728288
    0.03557363
    0.03896366
    0.04048715
    0.06019197
    0.02536066
    0.06513889
    0.07588208
    0.04995154
    0.04535405
    0.04100339
    0.04507158
    0.04080816
    0.04256989
    0.03939028
    0.05156396
