           1           2   1.1206344958401910     
           2           3   1.6860258028141955     
           2           4   1.0239974304456079     
           3           4  0.13928413583846608     
           1           5  0.12197441768738052     
           4           5   1.0779631830262617     
           5           6   1.5645234613054064     
           1           7   1.5072857181339610     
           6           7   1.2005035941897879     
           7           8   1.0730238575646522     
           9          10   1.4112174192778986     
          10          11   1.4466894306869460     
           9          12  0.11148216179109117     
          11          12   1.4313293606015525     
          10          13  0.10793689007349966     
          12          13   1.4412545289087757     
           9          14   1.4090528543960157     
          11          14  0.11232266059424997     
          13          14   1.4420615878942507     
           1          15  0.98023159844021657     
           9          15  0.98297505773161242     
          15          16  0.97974920260126264     
          16          17   1.0180296142819651     
           5          18   1.0091827793075567     
          18          19  0.98771054585884943     
          19          20   1.0061509273901557     
          20          21   1.0043484338377069     
           6          22   1.0107013131015876     
          21          22  0.98817445608227650     
           8          23  0.86341074186247901     
          10          24  0.97066312539724586     
          11          25  0.97215213157033564     
          12          26  0.97180808084728354     
          13          27  0.97103505399976198     
          14          28  0.91307746385160615     
          15          29  0.94987731132095365     
          16          30  0.97844159926674246     
          16          31  0.97635876279429779     
          17          32  0.98711883597749039     
          17          33  0.93025831122576508     
          17          34  0.98574275968263003     
          18          35  0.95463026340103097     
          18          36  0.97584708972326750     
          19          37  0.97893729222811676     
          19          38  0.98066285159217048     
          20          39  0.97878134551918483     
          20          40  0.97703766536379177     
          21          41  0.98065418366124524     
          21          42  0.97936392903430780     
          22          43  0.95524738509110763     
          22          44  0.96617778653703801     
